<template>
  <svg style="height: 150vh;width: 100%;" role="presentation" xmlns="http://www.w3.org/2000/svg" viewBox="0 0 300 300"
    class="absolute top-0 transform">
    <path id="blob-1" fill="url(#gradient-1)" transform="translate(100 100)">
      <animate attributeName="d" dur="25s" repeatCount="indefinite" values="
          M37.3,-59.9C51.6,-56.2,69,-53,75.3,-43.1C81.6,-33.2,76.9,-16.6,76.5,-0.2C76.1,16.2,80,32.3,75.4,45.2C70.9,58.1,57.7,67.7,43.8,75.1C29.8,82.5,14.9,87.6,0.7,86.5C-13.6,85.3,-27.1,77.9,-36.3,67.8C-45.5,57.6,-50.4,44.8,-58.1,33C-65.7,21.3,-76.2,10.6,-81.4,-3C-86.6,-16.6,-86.5,-33.2,-80.3,-47.5C-74.1,-61.8,-61.8,-73.8,-47.4,-77.5C-33,-81.2,-16.5,-76.6,-2.5,-72.2C11.4,-67.8,22.9,-63.6,37.3,-59.9Z;
          
            M31.1,-55.3C40.6,-48.3,49,-40.7,59.8,-31.4C70.6,-22.1,83.7,-11.1,85,0.7C86.3,12.5,75.7,25.1,64.8,34.2C54,43.3,42.7,48.9,31.9,53.1C21,57.3,10.5,60,-0.5,60.8C-11.4,61.6,-22.8,60.4,-36.7,58C-50.5,55.5,-66.9,51.8,-75.5,41.9C-84,32,-84.8,16,-82.7,1.2C-80.6,-13.6,-75.5,-27.1,-67.3,-37.7C-59.1,-48.2,-47.8,-55.7,-36.1,-61.4C-24.3,-67.1,-12.2,-71,-0.7,-69.8C10.7,-68.6,21.5,-62.2,31.1,-55.3Z;
            
            M39.2,-68.1C48.4,-62.6,51.8,-47.2,56.4,-34.2C61,-21.3,66.8,-10.6,70,1.8C73.2,14.3,73.8,28.6,67.1,37.9C60.3,47.2,46.3,51.5,33.9,60.4C21.5,69.4,10.7,83,-1.1,84.8C-12.8,86.7,-25.7,76.7,-35.9,66.5C-46.1,56.3,-53.7,45.9,-59.3,34.7C-64.9,23.6,-68.4,11.8,-70.5,-1.2C-72.6,-14.2,-73.3,-28.5,-69.1,-42C-64.9,-55.4,-55.8,-68.1,-43.5,-71.9C-31.1,-75.6,-15.6,-70.3,-0.3,-69.8C15,-69.4,30,-73.7,39.2,-68.1Z;
          
          M37.3,-59.9C51.6,-56.2,69,-53,75.3,-43.1C81.6,-33.2,76.9,-16.6,76.5,-0.2C76.1,16.2,80,32.3,75.4,45.2C70.9,58.1,57.7,67.7,43.8,75.1C29.8,82.5,14.9,87.6,0.7,86.5C-13.6,85.3,-27.1,77.9,-36.3,67.8C-45.5,57.6,-50.4,44.8,-58.1,33C-65.7,21.3,-76.2,10.6,-81.4,-3C-86.6,-16.6,-86.5,-33.2,-80.3,-47.5C-74.1,-61.8,-61.8,-73.8,-47.4,-77.5C-33,-81.2,-16.5,-76.6,-2.5,-72.2C11.4,-67.8,22.9,-63.6,37.3,-59.9Z;
        "></animate>
      <animateTransform attributeType="xml" attributeName="transform" dur="25s" repeatCount="indefinite"
        keySplines="0.4 0 0.2 1; 0.4 0 0.2 1" values="
          100 100;
            130 80;
            170 90;
            90 130;
          100 100;
        "></animateTransform>
    </path>
    <path id="blob-2" fill="url(#gradient-2)" transform="translate(250 120)">
      <animate attributeName="d" dur="25s" repeatCount="indefinite" values="
          M37.3,-59.9C51.6,-56.2,69,-53,75.3,-43.1C81.6,-33.2,76.9,-16.6,76.5,-0.2C76.1,16.2,80,32.3,75.4,45.2C70.9,58.1,57.7,67.7,43.8,75.1C29.8,82.5,14.9,87.6,0.7,86.5C-13.6,85.3,-27.1,77.9,-36.3,67.8C-45.5,57.6,-50.4,44.8,-58.1,33C-65.7,21.3,-76.2,10.6,-81.4,-3C-86.6,-16.6,-86.5,-33.2,-80.3,-47.5C-74.1,-61.8,-61.8,-73.8,-47.4,-77.5C-33,-81.2,-16.5,-76.6,-2.5,-72.2C11.4,-67.8,22.9,-63.6,37.3,-59.9Z;
          
            M39.2,-68.1C48.4,-62.6,51.8,-47.2,56.4,-34.2C61,-21.3,66.8,-10.6,70,1.8C73.2,14.3,73.8,28.6,67.1,37.9C60.3,47.2,46.3,51.5,33.9,60.4C21.5,69.4,10.7,83,-1.1,84.8C-12.8,86.7,-25.7,76.7,-35.9,66.5C-46.1,56.3,-53.7,45.9,-59.3,34.7C-64.9,23.6,-68.4,11.8,-70.5,-1.2C-72.6,-14.2,-73.3,-28.5,-69.1,-42C-64.9,-55.4,-55.8,-68.1,-43.5,-71.9C-31.1,-75.6,-15.6,-70.3,-0.3,-69.8C15,-69.4,30,-73.7,39.2,-68.1Z;
          
            M31.1,-55.3C40.6,-48.3,49,-40.7,59.8,-31.4C70.6,-22.1,83.7,-11.1,85,0.7C86.3,12.5,75.7,25.1,64.8,34.2C54,43.3,42.7,48.9,31.9,53.1C21,57.3,10.5,60,-0.5,60.8C-11.4,61.6,-22.8,60.4,-36.7,58C-50.5,55.5,-66.9,51.8,-75.5,41.9C-84,32,-84.8,16,-82.7,1.2C-80.6,-13.6,-75.5,-27.1,-67.3,-37.7C-59.1,-48.2,-47.8,-55.7,-36.1,-61.4C-24.3,-67.1,-12.2,-71,-0.7,-69.8C10.7,-68.6,21.5,-62.2,31.1,-55.3Z;
            
          M37.3,-59.9C51.6,-56.2,69,-53,75.3,-43.1C81.6,-33.2,76.9,-16.6,76.5,-0.2C76.1,16.2,80,32.3,75.4,45.2C70.9,58.1,57.7,67.7,43.8,75.1C29.8,82.5,14.9,87.6,0.7,86.5C-13.6,85.3,-27.1,77.9,-36.3,67.8C-45.5,57.6,-50.4,44.8,-58.1,33C-65.7,21.3,-76.2,10.6,-81.4,-3C-86.6,-16.6,-86.5,-33.2,-80.3,-47.5C-74.1,-61.8,-61.8,-73.8,-47.4,-77.5C-33,-81.2,-16.5,-76.6,-2.5,-72.2C11.4,-67.8,22.9,-63.6,37.3,-59.9Z;
        "></animate>
      <animateTransform attributeType="xml" attributeName="transform" dur="25s" repeatCount="indefinite" values="
          250 120;
            230 150;
          250 120;
        "></animateTransform>
    </path>
    <path id="blob-3" fill="url(#gradient-3)">
      <animate attributeName="d" dur="25s" repeatCount="indefinite" values="
          M34.9,-58.3C48.7,-52.6,65.6,-50.1,72.6,-40.9C79.6,-31.7,76.8,-15.9,77.3,0.3C77.9,16.5,81.9,33.1,77.4,46.7C73,60.3,60.1,71,45.7,74.2C31.4,77.5,15.7,73.3,1.7,70.3C-12.3,67.4,-24.6,65.6,-35.9,60.6C-47.1,55.6,-57.3,47.3,-67.8,36.6C-78.3,26,-89,13,-90.8,-1.1C-92.6,-15.1,-85.6,-30.2,-77.2,-44.6C-68.9,-58.9,-59.3,-72.5,-46.2,-78.6C-33.2,-84.7,-16.6,-83.3,-3,-78.1C10.6,-72.9,21.2,-64,34.9,-58.3Z;         

            M39.2,-68.1C48.4,-62.6,51.8,-47.2,56.4,-34.2C61,-21.3,66.8,-10.6,70,1.8C73.2,14.3,73.8,28.6,67.1,37.9C60.3,47.2,46.3,51.5,33.9,60.4C21.5,69.4,10.7,83,-1.1,84.8C-12.8,86.7,-25.7,76.7,-35.9,66.5C-46.1,56.3,-53.7,45.9,-59.3,34.7C-64.9,23.6,-68.4,11.8,-70.5,-1.2C-72.6,-14.2,-73.3,-28.5,-69.1,-42C-64.9,-55.4,-55.8,-68.1,-43.5,-71.9C-31.1,-75.6,-15.6,-70.3,-0.3,-69.8C15,-69.4,30,-73.7,39.2,-68.1Z;
            M31.1,-55.3C40.6,-48.3,49,-40.7,59.8,-31.4C70.6,-22.1,83.7,-11.1,85,0.7C86.3,12.5,75.7,25.1,64.8,34.2C54,43.3,42.7,48.9,31.9,53.1C21,57.3,10.5,60,-0.5,60.8C-11.4,61.6,-22.8,60.4,-36.7,58C-50.5,55.5,-66.9,51.8,-75.5,41.9C-84,32,-84.8,16,-82.7,1.2C-80.6,-13.6,-75.5,-27.1,-67.3,-37.7C-59.1,-48.2,-47.8,-55.7,-36.1,-61.4C-24.3,-67.1,-12.2,-71,-0.7,-69.8C10.7,-68.6,21.5,-62.2,31.1,-55.3Z;

          M34.9,-58.3C48.7,-52.6,65.6,-50.1,72.6,-40.9C79.6,-31.7,76.8,-15.9,77.3,0.3C77.9,16.5,81.9,33.1,77.4,46.7C73,60.3,60.1,71,45.7,74.2C31.4,77.5,15.7,73.3,1.7,70.3C-12.3,67.4,-24.6,65.6,-35.9,60.6C-47.1,55.6,-57.3,47.3,-67.8,36.6C-78.3,26,-89,13,-90.8,-1.1C-92.6,-15.1,-85.6,-30.2,-77.2,-44.6C-68.9,-58.9,-59.3,-72.5,-46.2,-78.6C-33.2,-84.7,-16.6,-83.3,-3,-78.1C10.6,-72.9,21.2,-64,34.9,-58.3Z; 
        "></animate>
      <animateTransform attributeType="xml" attributeName="transform" dur="25s" repeatCount="indefinite" values="
          200 180;
            180 80;
            120 100;
          200 180;
        "></animateTransform>
    </path>
    <defs>
      <linearGradient id="gradient-1" x1="0" y1="0" x2="800" y2="0" gradientUnits="userSpaceOnUse">
        <stop offset="0" stop-color="#65adf17c"></stop>
        <stop offset="0.09090909090909091" stop-color="#65adf17c"></stop>
        <stop offset="0.18181818181818182" stop-color="#65adf17c"></stop>
        <stop offset="0.2727272727272727" stop-color="#65adf17c"></stop>
        <stop offset="0.36363636363636365" stop-color="#65adf17c"></stop>
        <stop offset="0.4545454545454546" stop-color="#65adf17c"></stop>
        <stop offset="0.5454545454545454" stop-color="#65adf17c"></stop>
        <stop offset="0.6363636363636364" stop-color="#65adf17c"></stop>
        <stop offset="0.7272727272727273" stop-color="#65adf17c"></stop>
        <stop offset="0.8181818181818182" stop-color="#65adf17c"></stop>
        <stop offset="0.9090909090909092" stop-color="#65adf17c"></stop>
        <stop offset="1" stop-color="#65adf17c"></stop>
      </linearGradient>
      <linearGradient id="gradient-2" x1="0" y1="0" x2="800" y2="0" gradientUnits="userSpaceOnUse">
        <stop offset="0" stop-color="#65adf17c"></stop>
        <stop offset="0.14285714285714285" stop-color="#65adf17c"></stop>
        <stop offset="0.2857142857142857" stop-color="#65adf17c"></stop>
        <stop offset="0.42857142857142855" stop-color="#65adf17c"></stop>
        <stop offset="0.5714285714285714" stop-color="#65adf17c"></stop>
        <stop offset="0.7142857142857142" stop-color="#65adf17c"></stop>
        <stop offset="0.8571428571428571" stop-color="#65adf17c"></stop>
        <stop offset="1" stop-color="#65adf17c"></stop>
      </linearGradient>
      <linearGradient id="gradient-3" x1="0" y1="0" x2="800" y2="0" gradientUnits="userSpaceOnUse">
        <stop offset="0" stop-color="#65adf17c"></stop>
        <stop offset="0.14285714285714285" stop-color="#65adf17c"></stop>
        <stop offset="0.2857142857142857" stop-color="#65adf17c"></stop>
        <stop offset="0.42857142857142855" stop-color="#65adf17c"></stop>
        <stop offset="0.5714285714285714" stop-color="#65adf17c"></stop>
        <stop offset="0.7142857142857142" stop-color="#65adf17c"></stop>
        <stop offset="0.8571428571428571" stop-color="#65adf17c"></stop>
        <stop offset="1" stop-color="#65adf17c"></stop>
      </linearGradient>
    </defs>
  </svg>
</template>
